0 0 0 0 0 0 0 0 0 0 0 0 0 0 0 0 0 0 0 0 0 0 0 0 0 0 0 0 0 0 0 0 0 0 0 0 0 0 0 0 0 0 0 0 0 0 0 0 0 0 0 0 0 0 0 0 0 0 0 0 0 0 0 0 0 0 0 0 0 0 0 0 0 0 0 1528700446 -14737633 -14540254 -14869219 -15263977 -15527149 -15592942 -15527149 -15395563 -15329770 -1543306493 805306368 134217728 
0 0 0 0 0 0 0 0 0 0 0 0 0 0 0 0 0 0 0 0 0 0 0 0 0 0 0 0 0 0 0 0 0 0 0 0 0 0 0 0 0 0 0 0 0 0 0 0 0 0 0 0 0 0 0 0 0 0 0 0 0 0 0 0 0 0 0 0 0 0 0 0 0 0 0 269422351 -434957549 -15790321 -15461356 -15000806 -15066598 -15000806 -14869219 -14474461 -31580642 -1576860925 805306368 134217728 
0 0 0 0 0 0 0 0 0 0 0 0 0 0 0 0 0 0 0 0 0 0 0 0 0 0 0 0 0 0 0 0 0 0 0 0 0 0 0 0 0 0 0 0 0 0 0 0 0 0 0 0 0 0 0 0 0 0 0 0 0 0 0 0 0 0 0 0 0 0 0 0 0 16777216 33554432 671878156 -1156377837 -15790321 -15790321 -15395563 -15066598 -14606047 -14408668 -14145496 -30659540 -1576860925 805306368 134217728 
0 0 0 0 0 0 0 0 0 0 0 0 0 0 0 0 0 0 0 0 0 0 0 0 0 0 0 0 0 0 0 0 0 0 0 0 0 0 0 0 0 0 0 0 0 0 0 0 0 0 0 0 0 0 0 0 0 0 0 0 0 0 0 0 0 0 0 0 0 0 0 0 0 0 420088330 -1172628709 -15395563 -15658735 -15856114 -16053493 -15263977 -14869219 -14474461 -13158601 -30133196 -1576992511 805306368 134217728 
0 0 0 0 0 0 0 0 0 0 0 0 0 0 0 0 0 0 0 0 0 0 0 0 0 0 0 0 0 0 0 0 0 0 0 0 0 0 0 0 0 0 0 0 0 0 0 0 0 0 0 0 0 0 0 0 0 0 0 0 0 0 0 0 0 0 0 0 0 0 0 0 0 0 16777216 1729961245 -14935012 -15198184 -15527149 -15790321 -15263977 -14671840 -13553359 -12763843 -30330575 -1576992511 805306368 134217728 
0 0 0 0 0 0 0 0 0 0 0 0 0 0 0 0 0 0 0 0 0 0 0 0 0 0 0 0 0 0 0 0 0 0 0 0 0 0 0 0 0 0 0 0 0 0 0 0 0 0 0 0 0 0 0 0 0 0 0 0 0 0 0 0 0 0 0 0 0 0 0 0 0 0 16777216 2082611746 -14408668 -14606048 -14671840 -15132391 -14540254 -14342876 -13816531 -13487566 -30791126 -1576992511 805306368 134217728 
0 0 0 0 0 0 0 0 0 0 0 0 0 0 0 0 0 0 0 0 0 0 0 0 0 0 0 0 0 0 0 0 0 0 0 0 0 0 0 0 0 0 0 0 0 0 0 0 0 0 0 0 0 0 0 0 0 0 0 0 0 0 0 0 0 0 0 0 0 0 0 0 0 0 33554432 1697591087 -12434878 -13619152 -14277082 -14540254 -14211289 -14342875 -14079703 -13882324 -31185884 -1576992511 805306368 134217728 
0 0 0 0 0 0 0 0 0 0 0 0 0 0 0 0 0 0 0 0 0 0 0 0 0 0 0 0 0 0 0 0 0 0 0 0 0 0 0 0 0 0 0 0 0 0 0 0 0 0 0 0 0 0 0 0 0 0 0 0 0 0 0 0 0 0 0 16777216 67108864 16777216 504961305 1009988403 841821485 150994944 150994944 -2108665776 -26514581 -12434878 -12961222 -11908534 -13487566 -14606047 -14803426 -14671840 -31843814 -1576992511 805306368 134217728 
0 0 0 0 0 0 0 0 0 0 0 0 0 0 0 0 0 0 0 0 0 0 0 0 0 0 0 0 0 0 0 0 0 0 0 0 0 0 0 0 0 0 0 0 0 0 0 0 0 0 0 0 0 0 0 0 0 0 0 0 0 0 0 0 0 0 33554432 1126770985 2100046892 2084124985 -331399361 -78688433 -229420205 -1539161534 -1974382255 -243697287 -9276814 -10790053 -9605779 -9079435 -11711155 -15066598 -15461356 -15329771 -32435951 -1576992511 805306368 134217728 
0 0 0 0 0 0 0 0 0 0 0 0 0 0 0 0 0 0 0 0 0 0 0 0 0 0 0 0 0 0 0 0 0 0 0 0 0 0 0 0 0 0 0 0 0 0 0 0 0 0 0 0 16777216 33554432 67108864 16777216 16777216 33554432 0 0 0 16777216 288173357 841821485 1412838966 1211446581 -1823979448 -431733692 -30264782 -12632257 -13224394 -10526881 -11579569 -11316397 -8750470 -7697782 -9671572 -9671572 -7697782 -7500403 -12632257 -15198184 -15263977 -15592942 -32633330 -1576992511 805306368 134217728 
0 0 0 0 0 0 0 0 0 0 0 0 0 0 0 0 0 0 0 0 0 0 0 0 0 0 0 0 0 0 16777216 16777216 0 16777216 0 0 0 0 0 0 0 0 0 0 0 0 0 0 0 0 16777216 83886080 1108809495 1847006999 1897404440 269422351 1712920857 1159075350 184549376 420746260 202708245 589571108 -1655417772 -312450976 -11711155 -12040120 -11316397 -12369085 -14540254 -13882324 -13684945 -10263709 -12500671 -9737365 -7895161 -9145228 -12237499 -10000537 -8553091 -9539986 -11842741 -13619152 -13816531 -13750738 -32304366 -1576992511 805306368 134217728 
0 0 0 0 0 0 0 0 0 0 0 0 0 0 0 0 0 0 0 0 0 0 0 0 0 0 0 0 0 33554432 1212367683 472130596 16777216 774646828 387323414 50331648 117440512 16777216 0 0 0 0 0 0 0 0 0 0 0 0 940971542 -1894312169 -166193128 -32304365 -300476649 -703393005 -15461356 -300345063 -635494625 -400284636 -936563411 -599176887 -44541864 -10855846 -11053225 -11513776 -11513776 -11908534 -13487566 -13948117 -13027015 -12105913 -12105913 -10263709 -8684677 -12434878 -13027015 -10526881 -9934744 -9868951 -11842741 -10658467 -9145228 -11711155 -15658735 -1576860925 805306368 134217728 
0 0 0 0 0 0 0 0 0 0 0 0 0 0 0 0 287186462 589571108 438115613 269422351 134217728 221919802 187575854 16777216 0 16777216 50331648 388047137 1043937593 1581466435 -228499103 -1436524448 623454505 -564767146 -1673116090 1379350327 -1538700983 1329413437 673983532 152837148 16777216 0 0 0 119809060 371335714 83886080 136257311 841821485 1344874793 -383704799 -15132391 -15592942 -15329770 -15724528 -15658735 -15724529 -15527149 -14737633 -15461356 -15066598 -14408668 -13750738 -12961222 -12698050 -11579569 -11974327 -12632257 -12895429 -13027015 -13619152 -12961222 -11645362 -11119018 -11579569 -13553359 -12895429 -11447983 -10197916 -11711155 -9013642 -6974059 -8487298 -14606047 -16185079 -1560083709 805306368 134217728 
0 0 0 0 0 0 0 0 0 0 0 0 0 0 16777216 859585596 -934260656 -430746797 -482591684 -1523897557 -1070189002 -1540082636 -1321649863 826162750 422062120 1363494213 -2058334128 -531212714 -10461088 -9408400 -9342607 -75793541 -479565206 -27764648 -44410278 -94676133 -11645362 -160600723 -145007781 -966696607 -2091559595 1833782605 2119061070 -1405206978 -431733692 -45660345 -381073079 -766883254 -78754226 -12303292 -13355980 -14079703 -14079703 -13290187 -15132391 -15132391 -15329770 -15066598 -14737633 -15198184 -15592942 -15329770 -14935012 -15066598 -13948117 -13750738 -13487566 -13092808 -12961222 -13224394 -13750738 -12303292 -11316397 -11250604 -12961222 -13684945 -12369085 -10395295 -10987432 -9671572 -7566196 -8355712 -12698050 -16053493 -16053493 -1526529277 805306368 134217728 
0 0 0 0 0 0 0 0 0 0 0 0 0 186062615 1733053516 -278896544 -10724260 -11250604 -14013910 -11974327 -9474193 -12632257 -31383263 -499039935 -414824890 -110005903 -25198721 -8947849 -8816263 -9342607 -9408400 -8289919 -9013642 -8750470 -9013642 -10066330 -10461088 -10461088 -10790053 -9013642 -26448788 -43291797 -27435683 -11711155 -11382190 -10921639 -10263709 -12369085 -12105913 -12961222 -13224394 -12369085 -10921639 -13092808 -12895429 -13948117 -14869219 -14935012 -14935012 -15198184 -15658735 -14277082 -14803426 -14145496 -14540254 -14935012 -14540254 -13948117 -13684945 -13553359 -13487566 -12237499 -11711155 -12698050 -13290187 -12303292 -11447983 -11842741 -10724260 -9474193 -9211021 -11119018 -14342875 -15329770 -16579837 -1526529277 805306368 134217728 
0 0 0 0 16777216 50331648 83886080 67108864 33554432 67108864 100663296 186062615 -1943656922 -514040740 -43028625 -10790053 -11842741 -13553359 -9803158 -6974059 -8882056 -12171706 -14408668 -12369085 -12566464 -8882056 -8553091 -10197916 -10000537 -8882056 -8355712 -9145228 -8224126 -8158333 -8816263 -9474193 -10329502 -11184811 -9737365 -10461088 -11447983 -11447983 -10066330 -10329502 -9868951 -9737365 -10329502 -13750738 -13092808 -12566464 -11382190 -12040120 -9539986 -10395295 -11645362 -11382190 -14013910 -14079703 -13553359 -15000805 -14342876 -13158601 -13290187 -15066598 -13224394 -15132391 -15263977 -14211289 -13750738 -13750738 -13750738 -13224394 -12698050 -12698050 -12040120 -11250604 -12369085 -12369085 -11711155 -11119018 -11513776 -13224394 -13816531 -16382458 -16448251 -1526529277 805306368 134217728 
607203633 1833124675 -1637522075 -881560460 -512395915 -410943103 -190602333 -625494089 -728920691 -328175504 -328767641 -580689053 -13027015 -11908534 -11447983 -12040120 -14145496 -10329502 -7039852 -7171438 -13750738 -10461088 -9934744 -10987432 -11184811 -11645362 -11711155 -10790053 -9934744 -9211021 -10526881 -10066330 -8092540 -8882056 -10658467 -10855846 -10197916 -9276814 -10132123 -10395295 -11974327 -10461088 -9737365 -9276814 -8816263 -8684677 -8816263 -12171706 -14408668 -12829636 -9211021 -10000537 -10921639 -8684677 -7895161 -10066330 -13027015 -12171706 -13619152 -12105913 -10197916 -12500671 -13421773 -15263977 -14277082 -14277082 -15724528 -13487566 -12040120 -12829636 -13619152 -14145496 -13948117 -13619152 -13092808 -12434878 -12303292 -12632257 -12369085 -12105913 -11908534 -12763843 -14803426 -15592942 -15198184 -1459157241 805306368 134217728 
119809060 -1285858469 -7631989 -7105645 -6842473 -7105645 -4539718 -4210753 -6842473 -7829368 -9276814 -8026747 -9671572 -10724260 -10263709 -13948117 -12434878 -12040120 -7237231 -10132123 -13027016 -7895161 -7237231 -7960954 -8355712 -14211289 -10658467 -8684677 -10197916 -12171706 -11316397 -9737365 -10921639 -12105913 -11776948 -9408400 -8553091 -10329502 -11053225 -10395295 -10132123 -7829368 -9342607 -8882056 -7763575 -7434610 -7368817 -9605779 -11316397 -14079703 -10658467 -7960954 -10132123 -9934744 -8487298 -9803158 -12763843 -13948117 -13882324 -11382190 -7829368 -10066330 -13027015 -12040120 -14803426 -14079703 -14145496 -12500671 -11842741 -12763843 -12632257 -15790321 -14671840 -15263977 -13158601 -13092808 -13355980 -13027015 -12434878 -11974327 -12763843 -12500671 -15198184 -14540254 -14145496 -1374810610 805306368 134217728 
0 659443278 -445089672 -6974059 -6908266 -5723992 -3947581 -6118750 -7237231 -9342607 -8816263 -7303024 -8224126 -9276814 -13355980 -12040120 -11579569 -12303292 -12369085 -10658467 -9342607 -7960954 -6842473 -7829368 -10592674 -12961222 -11250604 -8026747 -8224126 -11776948 -12763843 -10263709 -10197916 -8882056 -8553091 -8618884 -10132123 -12303292 -11053225 -9013642 -7368817 -8487298 -11053225 -10592674 -8355712 -6842473 -6579301 -8092540 -7237231 -13027015 -13092808 -8882056 -8882056 -9276814 -8553091 -11974327 -14013910 -15527149 -13421773 -11908534 -9934744 -10197916 -14540254 -10526881 -14079703 -15066598 -11776948 -11382190 -10263709 -12961222 -14145496 -15790321 -14079703 -13092808 -12434878 -12632257 -12961222 -12895429 -11842741 -12961222 -12829636 -13882324 -14277082 -14869219 -14540254 -1458630897 805306368 134217728 
0 0 509435229 -982486928 -8947849 -6579301 -4868683 -5987164 -7500403 -9803158 -9013642 -8421505 -9211021 -10132123 -12105913 -6513508 -5131855 -9737365 -11382190 -10790053 -8421505 -5197648 -6118750 -7105645 -8816263 -12500671 -13224394 -10329502 -7829368 -10197916 -13290187 -10329502 -9408400 -9605779 -10263709 -9408400 -11776948 -12303292 -9803158 -7303024 -6645094 -8092540 -9868951 -10592674 -8487298 -6645094 -6381922 -7895161 -9079435 -11447983 -10855846 -10000537 -10461088 -11184811 -8750470 -12500671 -14408668 -15658735 -11316397 -13355980 -10790053 -14079703 -15000805 -12763843 -14803426 -15790321 -11711155 -9342607 -8355712 -12105913 -13290187 -14474461 -13882324 -13750738 -9013642 -10263709 -10987432 -12369085 -11513776 -14277082 -14277082 -15329770 -15856114 -15724528 -15658735 -1526134519 788529152 134217728 
0 0 0 71253823 1986224995 -177641111 -7763575 -7960954 -9079435 -10790053 -9605779 -10066330 -10855846 -9539986 -12698051 -10723793 -6381703 -5263443 -9342607 -9803158 -8553091 -6579301 -7303024 -6316129 -8618884 -9737365 -14079703 -13355980 -9803158 -8421505 -12303292 -10987432 -8947849 -8421505 -7631989 -9539986 -10790053 -12500671 -9737365 -6908266 -5855578 -6513508 -11053225 -10592674 -8355712 -6842473 -7763575 -7631989 -9211021 -7829368 -10132123 -11447983 -12434878 -13092808 -10000537 -10658467 -13158601 -15724528 -12434878 -11382190 -10263709 -8882056 -11908534 -10658467 -12632257 -15263977 -10855846 -9145228 -7697782 -11382190 -13619152 -11513776 -12763843 -10526881 -10395295 -8487298 -11316397 -12237499 -11579569 -14606047 -14277082 -15592942 -14408668 -15658735 -15921907 -1593374969 788529152 134217728 
0 0 0 0 0 743131979 -632797112 -11908534 -12303292 -13092808 -12632257 -11382190 -12566464 -10790053 -11118771 -11973848 -12171235 -6052729 -5987164 -8882056 -9408400 -8618884 -7631989 -6316129 -9276814 -8882056 -10592674 -14211289 -13750738 -12171706 -11711155 -10526881 -8158333 -7960954 -9342607 -9671572 -11119018 -10066330 -9342607 -6842473 -4737097 -8684677 -11053225 -9408400 -9276814 -7829368 -7039852 -9737365 -11579569 -12698050 -14671840 -15329770 -13882324 -13816531 -12237499 -10658467 -13619152 -15921907 -15658735 -10066330 -7368817 -8224126 -8487298 -9868951 -11974327 -15000805 -11974327 -7960954 -11579569 -11908534 -9342607 -8816263 -11184811 -9737365 -9605779 -7500403 -13355980 -10329502 -11711155 -13882324 -14737633 -16053493 -15527149 -15790321 -16250872 -1610217978 788529152 134217728 
0 0 0 0 0 0 306595398 -1119204790 -12040120 -14211289 -14342875 -11119018 -9737365 -8618884 -7829371 -10526652 -8881353 -11908288 -12369086 -10132123 -6710887 -5395027 -4473925 -5921371 -8684677 -6908266 -7303024 -12763843 -15329770 -14606047 -12171706 -10066330 -9803158 -8092540 -8750470 -9539986 -10263709 -8289919 -9079435 -7368817 -6842473 -11119018 -8026747 -6842473 -6710887 -6184543 -8092540 -8487298 -7500403 -8553091 -9013642 -11776948 -11776948 -9605779 -8618884 -8224126 -10855846 -12763843 -15000806 -15198184 -13027015 -10987432 -7105645 -8750470 -10921639 -15000805 -12500671 -6381922 -11842741 -9408400 -6776680 -11316397 -8289919 -9079435 -8158333 -9737365 -11974327 -9079435 -11974327 -12500671 -12698050 -15790321 -16448251 -16316665 -16250872 -1560017916 788529152 134217728 
0 0 0 0 0 0 0 472130596 -80333258 -14671840 -14211289 -12171706 -13882324 -11645362 -6513508 -7566201 -9013398 -13158601 -13421773 -12040120 -11579569 -3026479 -3158065 -5592406 -8158333 -4671304 -5921371 -9803158 -12961222 -13487566 -11711155 -10592674 -8882056 -8421505 -8947849 -9342607 -8882056 -7763575 -5658199 -6776680 -7303024 -8684677 -9079435 -8618884 -7960954 -7500403 -6974059 -7566196 -6316129 -6250336 -6513508 -10395295 -11382190 -6316129 -7039852 -7763575 -8026747 -9605779 -11119018 -10592674 -9211021 -9474193 -9276814 -8882056 -7434610 -10461088 -13027015 -8289919 -9671572 -7237231 -8947849 -11776948 -7434610 -7434610 -8224126 -10790053 -8553091 -7105645 -8092540 -8947849 -7171438 -12895429 -15724528 -15132391 -16316665 -1425800188 805306368 134217728 
0 0 0 0 0 0 0 0 -1859639256 -15066598 -14342875 -14408668 -10987432 -9737365 -11645362 -9737365 -7500403 -8947849 -10132123 -10329502 -12040120 -10790053 -4539718 -6842473 -7171438 -3947581 -5526613 -9408400 -13750738 -14408668 -14606047 -11776948 -8026747 -7237231 -6776680 -7368817 -7895161 -7500403 -7434610 -7566196 -7697782 -10066330 -10132123 -10855846 -10658467 -9605779 -10790053 -9408400 -6579301 -6381922 -6974059 -8553091 -10132123 -8750470 -7039852 -7171438 -6974059 -8026747 -7237231 -6316129 -7171438 -9474193 -10395295 -10921639 -11382190 -9671572 -8947849 -8750470 -9539986 -8618884 -9211021 -11184811 -7895161 -6776680 -9145228 -8158333 -7566196 -5921371 -5921371 -6908266 -6447715 -10000537 -15329770 -16119286 -16250872 -1341848315 805306368 134217728 
0 0 0 0 0 0 0 0 269422351 -64937696 -12434878 -8618884 -10790053 -7631989 -6381922 -7500403 -7697782 -7763575 -7895161 -9276814 -10724260 -11842741 -3815995 -6316129 -8421505 -5921371 -5592406 -9408400 -14277082 -13487566 -12566464 -10066330 -6908266 -7237231 -8618884 -8882056 -7237231 -4605511 -4473925 -5460820 -5395027 -8750470 -8947849 -7895161 -7566196 -6842473 -6513508 -6908266 -6908266 -7566196 -7500403 -7303024 -5921371 -7566196 -7105645 -6316129 -7368817 -7566196 -6447715 -6316129 -7829368 -9276814 -10329502 -9605779 -9737365 -9342607 -9145228 -9474193 -8816263 -9079435 -9737365 -10855846 -11711155 -10921639 -9934744 -9934744 -11184811 -10987432 -10461088 -9605779 -10132123 -12763843 -12105913 -14474461 -15592942 -1492974845 805306368 134217728 
0 0 0 0 0 0 0 0 134217728 -147836880 -12895429 -11447983 -13290187 -8421505 -5987164 -7434610 -8158333 -8553091 -9539986 -11711155 -12829636 -6710887 -2829100 -4868683 -7237231 -8289919 -7566196 -8553091 -12895429 -12566464 -10329502 -9605779 -10132123 -11579569 -10592674 -10329502 -7171438 -5723992 -7566196 -7566196 -7237231 -10329502 -11250604 -9934744 -8947849 -7105645 -7303024 -7434610 -9342607 -9276814 -6447715 -6447715 -6381922 -6645094 -7763575 -7368817 -6447715 -7368817 -6381922 -7960954 -7237231 -6513508 -7039852 -9079435 -11119018 -12171706 -10855846 -10461088 -10855846 -10526881 -10987432 -13290187 -13619152 -13684945 -13619152 -13487566 -13882324 -14342875 -14474461 -14277082 -14474461 -14737633 -15000805 -15329770 -15724528 -1543306493 805306368 134217728 
0 0 0 0 0 0 0 0 16777216 -903403737 -12763843 -9868951 -9145228 -9474193 -8553091 -9211021 -4802890 -5921371 -13092808 -12632257 -9539986 -5526613 -6710887 -6908266 -7105645 -9342607 -8289919 -10395295 -12829636 -10987432 -9079435 -10855846 -11053225 -10395295 -11250604 -11908534 -9671572 -10395295 -9276814 -7105645 -7039852 -9934744 -11776948 -10132123 -7960954 -6645094 -6974059 -9868951 -10132123 -7829368 -7303024 -7763575 -9211021 -8618884 -7829368 -5723992 -6974059 -6645094 -7237231 -8158333 -8684677 -7631989 -6447715 -6710887 -6250336 -7303024 -7895161 -8684677 -9474193 -10790053 -12961222 -13882324 -14342875 -13948117 -13948117 -13619152 -13882324 -14342875 -14803426 -14869219 -15000805 -15066598 -14869219 -15329770 -15724528 -1543306493 805306368 134217728 
0 0 0 0 0 0 0 0 0 -1440669407 -13027015 -8750470 -13290187 -8882056 -8289919 -4013374 -7960709 -8749999 -12500678 -11645362 -8618884 -8224126 -9013642 -9671572 -7039852 -8553091 -8224126 -11908534 -10790053 -10132123 -8947849 -8750470 -9145228 -8947849 -8487298 -8355712 -8816263 -9342607 -10855846 -10658467 -8092540 -10132123 -12237499 -10921639 -8158333 -7039852 -7039852 -6513508 -6710887 -8882056 -10921639 -8421505 -7237231 -10921639 -13355980 -9803158 -10395295 -12369085 -12434878 -13684945 -13092808 -9671572 -8289919 -6842473 -6776680 -6776680 -8289919 -10263709 -11974327 -11974327 -11645362 -11579569 -11974327 -12829636 -13290187 -13619152 -13948117 -13948117 -14211289 -14606047 -14474461 -13882324 -15066598 -15987700 -15592942 -1543306493 805306368 134217728 
0 0 0 0 0 0 0 0 0 -1759107546 -15000806 -15000805 -12303292 -15066598 -13224394 -5921371 -11052751 -9868487 -8815798 -4737097 -9145228 -8553091 -7895161 -6842473 -6316129 -8092540 -8487298 -10526881 -6974059 -6316129 -9605779 -10790053 -8224126 -7237231 -7434610 -7171438 -8355712 -10263709 -10790053 -9211021 -8026747 -7763575 -8355712 -8947849 -7763575 -6776680 -6316129 -6447715 -5987164 -5921371 -11184811 -8487298 -11250604 -15000805 -10526881 -10921639 -12237499 -10526881 -11645362 -13027015 -12763843 -11645362 -9737365 -10592674 -11119018 -11447983 -10000537 -10000537 -11184811 -11842741 -11382190 -11382190 -12500671 -13092808 -13816531 -13224394 -13816531 -14079703 -14474461 -14474461 -14145496 -14342875 -15461356 -15263977 -14803426 -1543306493 805306368 134217728 
0 0 0 0 0 0 0 0 0 -1372968406 -14671840 -14606047 -10329502 -9934744 -8289919 -8553091 -11447502 -10658002 -6249874 -6118750 -10000537 -8947849 -5658199 -4737097 -5460820 -6842473 -9276814 -8487298 -4671304 -4342339 -7631989 -9605779 -10000537 -9079435 -7434610 -8224126 -8092540 -8816263 -10329502 -9868951 -8750470 -9013642 -9276814 -9539986 -8224126 -6908266 -6118750 -6645094 -6316129 -6513508 -9408400 -5592406 -8158333 -11053225 -13027015 -12303292 -10395295 -10395295 -9211021 -11184811 -12434878 -13224394 -12237499 -9276814 -9737365 -11776948 -11250604 -10724260 -11053225 -9671572 -7697782 -10461088 -12237499 -13553359 -13027015 -13290187 -13487566 -14013910 -13684945 -13290187 -12566464 -12303292 -12566464 -12566464 -14869219 -1526529277 805306368 134217728 
0 0 0 0 0 0 0 0 117440512 -297779136 -13027015 -14408668 -11119018 -10592674 -14079703 -8750470 -13421536 -7368107 -5328989 -8224126 -10921639 -11711155 -7960954 -4868683 -6974059 -6579301 -9342607 -5723992 -3618616 -3487030 -4276546 -5987164 -7631989 -9408400 -10526881 -9013642 -8750470 -8289919 -10066330 -10197916 -9934744 -10132123 -10921639 -9803158 -8092540 -6908266 -6710887 -7368817 -5921371 -7171438 -10395295 -6776680 -10066330 -10132123 -9408400 -11316397 -16119286 -15329770 -12040120 -11382190 -10724260 -9013642 -8487298 -8026747 -13224394 -14671840 -12237499 -11776948 -10263709 -8553091 -8816263 -8816263 -9803158 -10263709 -12566464 -12434878 -12632257 -12040120 -12698050 -13027015 -12369085 -11842741 -11447983 -11842741 -13619152 -1543109114 805306368 134217728 
0 0 0 0 0 0 0 0 708195894 -331070396 -12895429 -12171706 -10329502 -9605779 -10263709 -9342607 -9868951 -7171438 -6316129 -11053225 -12105913 -11579569 -9539986 -6447715 -6579301 -5526613 -8224126 -8618884 -4342339 -4802890 -5329234 -5723992 -6447715 -6776680 -7434610 -9474193 -9539986 -8289919 -7895161 -8684677 -9803158 -9803158 -9868951 -9671572 -8750470 -7829368 -7631989 -8026747 -6974059 -7763575 -12105913 -8158333 -8750470 -11974327 -9803158 -11250604 -15132391 -11119018 -11316397 -11513776 -10395295 -12961222 -9803158 -12171706 -15658735 -12698050 -10921639 -9737365 -12566464 -10263709 -11053225 -10461088 -12763843 -11908534 -10263709 -9539986 -10395295 -9803158 -10724260 -11053225 -10658467 -10724260 -11250604 -12040120 -13619152 -1509488889 805306368 134217728 
0 0 0 0 0 0 0 255013683 -766620082 -9671572 -9474193 -9671572 -7631989 -7697782 -8092540 -9276814 -10132123 -13092808 -10263709 -11974327 -10526881 -5921371 -10855846 -11645362 -10329502 -8618884 -10461088 -7171438 -5855578 -5329234 -5658199 -7039852 -7697782 -7237231 -7237231 -7763575 -7631989 -8224126 -8158333 -9539986 -10329502 -9803158 -9079435 -8750470 -8487298 -9408400 -9145228 -6908266 -6579301 -7039852 -12369085 -12105913 -7566196 -10066330 -13355980 -13750738 -14474461 -12237499 -12303292 -10197916 -9539986 -12829636 -9539986 -12303292 -15198184 -10592674 -11119018 -11579569 -11645362 -12303292 -7303024 -11250604 -12434878 -8750470 -8355712 -9079435 -10921639 -11250604 -12500671 -12303292 -11184811 -10790053 -11711155 -11842741 -13421773 -1475934457 805306368 134217728 
0 0 0 0 0 0 71253823 -1319281315 -7895161 -7237231 -7303024 -6118750 -6447715 -6908266 -6381922 -6908266 -7631989 -10790053 -12895429 -11513776 -9013642 -6381922 -6710887 -9737365 -12500671 -13948117 -10592674 -5658199 -5131855 -6184543 -6250336 -7368817 -7960954 -8289919 -8355712 -8684677 -8947849 -9079435 -8816263 -8750470 -9408400 -9868951 -10000537 -9868951 -8750470 -10592674 -7171438 -7039852 -7631989 -7960954 -12040120 -13816531 -7039852 -7434610 -12500671 -15724528 -13158601 -12237499 -12237499 -13816531 -8553091 -11908534 -9211021 -14671840 -15921907 -10461088 -13027015 -13092808 -10658467 -12369085 -6974059 -8750470 -13750738 -9276814 -10263709 -11250604 -12500672 -10132123 -10461088 -10658467 -9145228 -11250604 -12961222 -14606047 -15856114 -1324939513 805306368 134217728 
0 0 0 0 0 16777216 -1939577756 -7039852 -5921371 -6381922 -7303024 -4473925 -6316129 -7631989 -6710887 -8092540 -10197916 -10592674 -10263709 -12303292 -12698050 -12763843 -10724260 -9868951 -11250605 -13684945 -9474193 -6513508 -5723992 -5789785 -6579301 -6776680 -6579301 -6513508 -8224126 -9539986 -10000537 -8684677 -9211021 -9868951 -10855846 -10658467 -11842741 -10724260 -9408400 -10658467 -7171438 -6118750 -7895161 -8618884 -12434878 -14277082 -9145228 -7697782 -9671572 -15395563 -13092808 -9737365 -12895429 -15263977 -11974327 -13158601 -10592674 -13750738 -15395563 -10526881 -13224394 -12961222 -12105913 -14013910 -8947849 -9737365 -14342875 -13355980 -12040120 -12763843 -13750738 -11119018 -12961222 -10592674 -9079435 -12895429 -15790321 -16053493 -16053493 -1274542072 805306368 134217728 
0 0 0 0 0 1247632733 -24146033 -5592406 -5263441 -5066062 -7105645 -4737097 -5921371 -9803158 -8618884 -12369085 -11645362 -8882056 -8553091 -9803158 -10987432 -13224394 -13553359 -13421773 -10461088 -10526881 -9539986 -7763575 -8355712 -7303024 -6513508 -6842473 -7303024 -8816263 -8355712 -8750470 -10000537 -10066330 -9342607 -11776948 -11513776 -11579569 -11579569 -8158333 -9474193 -9539986 -7105645 -7434610 -8553091 -8684677 -13092808 -15132391 -10461088 -8289919 -11053225 -15132391 -15921907 -13224394 -13224394 -12895429 -15724528 -14211289 -13158601 -14474461 -13553360 -8750470 -12303292 -12171706 -10658467 -13816531 -11908534 -11250604 -12566464 -12105913 -12895429 -13027015 -14671840 -11447983 -13290187 -12040120 -13750738 -15198184 -15592942 -15132391 -16053493 -1425405430 788529152 134217728 
0 0 0 0 136257311 -680497040 -6052957 -5066062 -5197648 -5131855 -5658199 -358506079 -1182760832 -1804702098 1734040411 1982803759 1933261627 2103270749 -1352309403 -1588045736 -1219341742 -1018804666 -1454485938 -1186247861 -681549728 -731486618 -41844351 -7631989 -8289919 -9539986 -8618884 -8487298 -8750470 -8618884 -9934744 -10197916 -10461088 -11053225 -44147106 -61845424 -13948117 -13487566 -9342607 -9211021 -8487298 -9671572 -10461088 -10329502 -8882056 -9211021 -11579569 -14935012 -11645362 -11316397 -11908534 -13224394 -16119286 -15461356 -14671840 -13355980 -14013910 -14540255 -15066598 -15000805 -11908534 -9079435 -12961222 -11579569 -9211021 -12698050 -13553359 -11119018 -11382190 -9079435 -11513776 -12237499 -14079703 -13224394 -12829636 -13027015 -14869219 -15856114 -16053493 -15461356 -16250872 -1324873720 788529152 117440512 
0 0 0 0 1479224107 -8355712 -7566196 -6842473 -23948654 -762014572 2056031372 475749211 16777216 0 0 0 0 0 0 0 16777216 50331648 50331648 117440512 186062615 538910495 -1671208093 -528712580 -75004025 -109019008 -26119823 -127901600 -1084860842 -2074321828 1800293966 -1134995111 1967802954 -2092809662 1211907132 1698314810 -1724500426 -1170654919 -363769519 -112177072 -11316397 -10987432 -11119018 -10987432 -9276814 -10000537 -13355980 -14474461 -12895429 -12105913 -14737633 -12040120 -13882324 -15592942 -13684945 -15395563 -13421773 -14803426 -14869219 -15790321 -9342607 -10724260 -13750738 -12434878 -9276814 -10395295 -14737633 -12303292 -10395295 -9803158 -7566196 -11184811 -11447983 -13684945 -13948117 -13750738 -14803426 -15921907 -16185079 -16250872 -16053493 -1425405430 788529152 117440512 
0 0 0 16777216 1663444518 -1973066395 2070637419 1281910888 374427985 33554432 0 0 0 0 0 0 0 0 0 0 0 0 0 0 0 0 83886080 506671923 1700091221 1414023240 1767002706 1094335034 303832092 16777216 16777216 219353875 0 0 0 0 0 16777216 186062615 842150450 1798714934 -1623113407 -1069333693 -750895554 -197050047 -311793046 -178825385 -64016593 -14540254 -14869219 -14408668 -13882324 -14211289 -14803426 -13224394 -13750738 -13027015 -13027015 -14737633 -13487566 -8618884 -12500671 -14474461 -10263709 -12632257 -8816263 -10592674 -12895429 -11053225 -9671572 -10329502 -9868951 -10724260 -11250604 -14013911 -13553359 -14211289 -15329770 -14803426 -14803426 -15658735 -1425339637 771751936 117440512 
0 0 0 0 0 0 0 0 0 0 0 0 0 0 0 0 0 0 0 0 0 0 0 0 0 0 0 0 33554432 16777216 67108864 0 0 0 0 0 0 0 0 0 0 0 0 0 0 0 16777216 67108864 337189145 707801136 926036530 1479421486 -1708446933 -633981386 -785831639 -332978393 -81451739 -30396368 -46252482 -28093613 -27698855 -28290992 -28883129 -27698855 -10526881 -12105913 -12763843 -11119018 -11579569 -10724260 -9079435 -8355712 -9474193 -9276814 -8882056 -9474193 -8355712 -9211021 -9737365 -10592674 -11908534 -15263977 -13948117 -14079703 -15921907 -1492382708 738197504 117440512 
0 0 0 0 0 0 0 0 0 0 0 0 0 0 0 0 0 0 0 0 0 0 0 0 0 0 0 0 0 0 0 0 0 0 0 0 0 0 0 0 0 0 0 0 0 0 0 0 0 0 0 0 50331648 302910990 236065298 487657745 1227236902 1260725541 1950038843 2134917184 1967605575 1900562504 2102218061 -2074913965 -296397483 -12237499 -11382190 -12105913 -11250604 -11053225 -10197916 -9605779 -8553091 -9013642 -9211021 -8947849 -8947849 -9145228 -7829368 -9276814 -109742731 -164482510 -82372841 -15395563 -15329770 -1575874030 704643072 100663296 
0 0 0 0 0 0 0 0 0 0 0 0 0 0 0 0 0 0 0 0 0 0 0 0 0 0 0 0 0 0 0 0 0 0 0 0 0 0 0 0 0 0 0 0 0 0 0 0 0 0 0 0 0 0 0 0 0 16777216 33554432 50331648 33554432 16777216 16777216 33554432 808398639 -1910036697 -263961532 -11382190 -11316397 -9211021 -9539986 -10526881 -9013642 -8487298 -8750470 -7303024 -7039852 -7895161 -8421505 -276264824 1851283544 840505625 -1658181078 -332123084 -64279765 -1692985577 637534208 100663296 
0 0 0 0 0 0 0 0 0 0 0 0 0 0 0 0 0 0 0 0 0 0 0 0 0 0 0 0 0 0 0 0 0 0 0 0 0 0 0 0 0 0 0 0 0 0 0 0 0 0 0 0 0 0 0 0 0 0 0 0 0 0 0 0 0 16777216 606743082 -1555346613 -44805036 -9737365 -9079435 -10790053 -10329502 -9868951 -10724260 -8684677 -74346095 -309621877 -646284678 1733579860 169416985 16777216 268435456 1157825283 -2146628339 1493303810 570425344 83886080 
0 0 0 0 0 0 0 0 0 0 0 0 0 0 0 0 0 0 0 0 0 0 0 0 0 0 0 0 0 0 0 0 0 0 0 0 0 0 0 0 0 0 0 0 0 0 0 0 0 0 0 0 0 0 0 0 0 0 0 0 0 0 0 0 0 0 0 152837148 2101954889 -849716646 -59608462 -9671572 -26382995 -93820824 -95136684 -413772202 -1806083751 606743082 320477722 117440512 0 16777216 201326592 771751936 1375731712 1207959552 486539264 67108864 
0 0 0 0 0 0 0 0 0 0 0 0 0 0 0 0 0 0 0 0 0 0 0 0 0 0 0 0 0 0 0 0 0 0 0 0 0 0 0 0 0 0 0 0 0 0 0 0 0 0 0 0 0 0 0 0 0 0 0 0 0 0 0 0 0 0 0 0 33554432 253895202 1833914191 -1973921704 1934906452 1245790529 1009988403 370611991 67108864 0 0 0 0 0 117440512 503316480 973078528 939524096 402653184 50331648 
0 0 0 0 0 0 0 0 0 0 0 0 0 0 0 0 0 0 0 0 0 0 0 0 0 0 0 0 0 0 0 0 0 0 0 0 0 0 0 0 0 0 0 0 0 0 0 0 0 0 0 0 0 0 0 0 0 0 0 0 0 0 0 0 0 0 0 0 0 0 33554432 33554432 16777216 0 0 0 0 0 0 0 0 0 67108864 318767104 671088640 704643072 301989888 50331648 
0 0 0 0 0 0 0 0 0 0 0 0 0 0 0 0 0 0 0 0 0 0 0 0 0 0 0 0 0 0 0 0 0 0 0 0 0 0 0 0 0 0 0 0 0 0 0 0 0 0 0 0 0 0 0 0 0 0 0 0 0 0 0 0 0 0 0 0 0 0 0 0 0 0 0 0 0 0 0 0 0 0 50331648 251658240 503316480 486539264 184549376 16777216 
0 0 0 0 0 0 0 0 0 0 0 0 0 0 0 0 0 0 0 0 0 0 0 0 0 0 0 0 0 0 0 0 0 0 0 0 0 0 0 0 0 0 0 0 0 0 0 0 0 0 0 0 0 0 0 0 0 0 0 0 0 0 0 0 0 0 0 0 0 0 0 0 0 0 0 0 0 0 0 0 0 0 33554432 167772160 352321536 318767104 100663296 16777216 
0 0 0 0 0 0 0 0 0 0 0 0 0 0 0 0 0 0 0 0 0 0 0 0 0 0 0 0 0 0 0 0 0 0 0 0 0 0 0 0 0 0 0 0 0 0 0 0 0 0 0 0 0 0 0 0 0 0 0 0 0 0 0 0 0 0 0 0 0 0 0 0 0 0 0 0 0 0 0 0 0 0 16777216 100663296 218103808 201326592 67108864 0 
